50 10 30 90 160 250 1 PROFILE purple 60 2 
50 20 60 180 320 450 3 RANK purple 60 4 
50 30 90 270 400 550 6 SCORE_BOARD blue 100 6 
50 30 90 270 400 550 8 SCORE blue 100 6 
50 40 100 300 450 600 9 FEEDBACK blue 120 8 
100 50 150 450 625 750 11 TERMINATOR orange 140 10 
100 50 150 450 625 750 13 ASSASSIN orange 140 10 
100 60 180 500 700 900 14 FOG_OF_WAR orange 160 12 
100 70 200 550 700 900 16 PRIVATE_MESSAGING green 180 14 
100 70 200 550 700 950 18 IGNORE_LIST green 180 14 
100 80 220 600 800 1000 19 ACCOUNT_NAME green 200 16 
150 90 250 700 875 1050 21 CARTOS red 220 18 
150 90 250 700 875 1050 23 TOURNEY_DIRECTORS red 220 18 
150 100 300 750 925 1100 24 HUNTERS red 240 20 
150 110 330 800 975 1150 26 HELP yellow 260 22 
150 110 330 800 975 1150 27 RULES yellow 260 22 
150 120 360 850 1025 1200 29 FAQ yellow 280 24 
200 130 390 900 1100 1275 31 MAP_FOUNDRY pink 300 26 
200 130 390 900 1100 1275 32 FLAME_WARS pink 300 26 
200 150 450 1000 1200 1400 34 GENERAL_DISCUSSION pink 320 28 
200 175 500 1100 1300 1500 37 MODS darkblue 350 35 
200 200 600 1400 1700 2000 39 ADMINS darkblue 400 50 
5 READING_RAILROAD black 200 25
15 PENNSYLVANIA_RAILROAD black 200 25
25 B._&_O. black 200 25
35 SHORT_LINE black 200 25
12 ELECTRIC_COMPANY 150
28 WATER_WORKS 150
